[4451,
 5109,
 6382,
 6383,
 8891,
 14546,
 16787,
 16852,
 17390,
 17391,
 18838,
 19400,
 19401,
 19993,
 22426,
 22429,
 22814,
 22894,
 22895,
 22999,
 23000,
 23059,
 23060,
 23084,
 23106,
 23107,
 23556,
 23557,
 23594,
 25488,
 25489,
 25609,
 26276,
 26799,
 26800,
 26805,
 26806,
 26964,
 26965,
 27287,
 27288,
 27311,
 27332,
 27333,
 27421,
 27488,
 27489,
 27548,
 27549,
 30632,
 30633,
 32348,
 34904,
 34905,
 38253,
 40105,
 40250,
 40284,
 40284,
 40284,
 40284,
 40284,
 40285,
 40285,
 40285,
 40285,
 40285,
 41254,
 41260,
 41261,
 41520,
 41521,
 41623,
 41645,
 41646,
 41651,
 41652,
 41666,
 41668,
 41669,
 41690,
 41691,
 41716,
 41717,
 41774,
 41775,
 41790,
 41791,
 41913,
 41914,
 41944,
 41945,
 41964,
 41965,
 42060,
 42065,
 42094,
 42383,
 42384,
 42692,
 43052,
 44323,
 44342,
 44343,
 46152,
 46153,
 46216,
 46298,
 46692,
 46715,
 46716,
 47892,
 47893,
 49047,
 49149,
 49295,
 49314,
 49352,
 49558,
 49559,
 50233,
 50234,
 50285,
 50286,
 52127,
 52208,
 52407,
 53057,
 53058,
 53358,
 53358,
 53358,
 53358,
 53358,
 53405,
 53405,
 53405,
 53410,
 53410,
 53410,
 53410,
 53410,
 54057,
 54614,
 54615,
 54616,
 54617,
 55605,
 56550,
 56702,
 57175,
 57177,
 57186,
 57194,
 57693,
 57713,
 57843,
 57844,
 58141,
 58148]
